0	1
0.01	1.116666667
0.02	1.233333333
0.03	1.35
0.04	1.466666667
0.05	1.583333333
0.06	1.7
0.07	1.816666667
0.08	1.933333333
0.09	2.05
0.1	2.166666667
0.11	2.283333333
0.12	2.4
0.13	2.516666667
0.14	2.633333333
0.15	2.75
0.16	2.75
0.17	2.75
0.18	2.75
0.19	2.75
0.2	2.75
0.21	2.75
0.22	2.75
0.23	2.75
0.24	2.75
0.25	2.75
0.26	2.75
0.27	2.75
0.28	2.75
0.29	2.75
0.3	2.75
0.31	2.75
0.32	2.75
0.33	2.75
0.34	2.75
0.35	2.75
0.36	2.75
0.37	2.75
0.38	2.75
0.39	2.75
0.4	2.75
0.41	2.75
0.42	2.75
0.43	2.75
0.44	2.75
0.45	2.75
0.46	2.75
0.47	2.75
0.48	2.75
0.49	2.75
0.5	2.75
0.51	2.75
0.52	2.75
0.53	2.75
0.54	2.75
0.55	2.75
0.56	2.75
0.57	2.75
0.58	2.75
0.59	2.75
0.6	2.75
0.61	2.75
0.62	2.75
0.63	2.75
0.64	2.75
0.65	2.75
0.66	2.75
0.67	2.75
0.68	2.75
0.69	2.75
0.7	2.75
0.71	2.75
0.72	2.75
0.73	2.75
0.74	2.75
0.75	2.75
0.76	2.75
0.77	2.75
0.78	2.75
0.79	2.75
0.8	2.75
0.81	2.75
0.82	2.75
0.83	2.75
0.84	2.75
0.85	2.75
0.86	2.75
0.87	2.75
0.88	2.75
0.89	2.75
0.9	2.75
0.91	2.75
0.92	2.75
0.93	2.75
0.94	2.75
0.95	2.75
0.96	2.75
0.97	2.75
0.98	2.75
0.99	2.75
1	2.75
1.01	2.731818099
1.02	2.713933776
1.03	2.696339314
1.04	2.67902727
1.05	2.661990458
1.06	2.645221945
1.07	2.628715033
1.08	2.612463252
1.09	2.596460351
1.1	2.580700289
1.11	2.565177221
1.12	2.549885496
1.13	2.534819648
1.14	2.519974385
1.15	2.505344584
1.16	2.490925284
1.17	2.476711682
1.18	2.462699122
1.19	2.448883093
1.2	2.435259221
1.21	2.421823265
1.22	2.408571113
1.23	2.395498774
1.24	2.382602375
1.25	2.369878159
1.26	2.357322476
1.27	2.344931784
1.28	2.332702639
1.29	2.320631699
1.3	2.308715714
1.31	2.296951526
1.32	2.285336064
1.33	2.273866342
1.34	2.262539456
1.35	2.251352583
1.36	2.240302971
1.37	2.229387948
1.38	2.218604909
1.39	2.207951318
1.4	2.197424708
1.41	2.187022673
1.42	2.176742872
1.43	2.166583022
1.44	2.1565409
1.45	2.146614337
1.46	2.136801222
1.47	2.127099493
1.48	2.117507141
1.49	2.108022207
1.5	2.098642778
1.51	2.08936699
1.52	2.080193022
1.53	2.071119098
1.54	2.062143483
1.55	2.053264484
1.56	2.044480448
1.57	2.03578976
1.58	2.027190843
1.59	2.018682157
1.6	2.010262195
1.61	2.001929487
1.62	1.993682595
1.63	1.985520114
1.64	1.977440669
1.65	1.969442917
1.66	1.961525546
1.67	1.953687269
1.68	1.94592683
1.69	1.938243
1.7	1.930634575
1.71	1.923100379
1.72	1.915639261
1.73	1.908250091
1.74	1.900931767
1.75	1.893683208
1.76	1.886503355
1.77	1.879391174
1.78	1.872345648
1.79	1.865365785
1.8	1.85845061
1.81	1.851599169
1.82	1.844810528
1.83	1.838083772
1.84	1.831418001
1.85	1.824812336
1.86	1.818265915
1.87	1.811777893
1.88	1.805347439
1.89	1.798973742
1.9	1.792656003
1.91	1.786393442
1.92	1.78018529
1.93	1.774030795
1.94	1.76792922
1.95	1.76187984
1.96	1.755881944
1.97	1.749934835
1.98	1.744037827
1.99	1.73819025
2	1.732391444
2.01	1.72664076
2.02	1.720937564
2.03	1.71528123
2.04	1.709671146
2.05	1.70410671
2.06	1.69858733
2.07	1.693112425
2.08	1.687681425
2.09	1.682293769
2.1	1.676948907
2.11	1.671646296
2.12	1.666385405
2.13	1.661165712
2.14	1.655986702
2.15	1.650847871
2.16	1.645748722
2.17	1.640688767
2.18	1.635667526
2.19	1.630684528
2.2	1.625739309
2.21	1.620831412
2.22	1.615960389
2.23	1.611125798
2.24	1.606327206
2.25	1.601564185
2.26	1.596836316
2.27	1.592143185
2.28	1.587484386
2.29	1.582859519
2.3	1.578268189
2.31	1.57371001
2.32	1.5691846
2.33	1.564691583
2.34	1.560230592
2.35	1.55580126
2.36	1.551403232
2.37	1.547036154
2.38	1.542699679
2.39	1.538393466
2.4	1.534117177
2.41	1.529870483
2.42	1.525653056
2.43	1.521464574
2.44	1.517304723
2.45	1.513173189
2.46	1.509069665
2.47	1.504993849
2.48	1.500945443
2.49	1.496924153
2.5	1.492929689
2.51	1.488961767
2.52	1.485020105
2.53	1.481104426
2.54	1.477214457
2.55	1.47334993
2.56	1.469510579
2.57	1.465696143
2.58	1.461906363
2.59	1.458140987
2.6	1.454399763
2.61	1.450682445
2.62	1.446988789
2.63	1.443318555
2.64	1.439671506
2.65	1.436047409
2.66	1.432446034
2.67	1.428867154
2.68	1.425310544
2.69	1.421775983
2.7	1.418263255
2.71	1.414772143
2.72	1.411302436
2.73	1.407853924
2.74	1.404426402
2.75	1.401019665
2.76	1.397633513
2.77	1.394267747
2.78	1.390922171
2.79	1.387596593
2.8	1.384290822
2.81	1.38100467
2.82	1.377737951
2.83	1.374490482
2.84	1.371262082
2.85	1.368052573
2.86	1.364861778
2.87	1.361689523
2.88	1.358535637
2.89	1.35539995
2.9	1.352282295
2.91	1.349182506
2.92	1.346100419
2.93	1.343035875
2.94	1.339988713
2.95	1.336958776
2.96	1.33394591
2.97	1.33094996
2.98	1.327970776
2.99	1.325008207
3	1.322062106
3.01	1.319132327
3.02	1.316218726
3.03	1.31332116
3.04	1.310439488
3.05	1.307573572
3.06	1.304723274
3.07	1.301888458
3.08	1.299068991
3.09	1.296264739
3.1	1.293475572
3.11	1.29070136
3.12	1.287941976
3.13	1.285197293
3.14	1.282467186
3.15	1.279751532
3.16	1.277050208
3.17	1.274363094
3.18	1.271690071
3.19	1.269031021
3.2	1.266385828
3.21	1.263754375
3.22	1.261136551
3.23	1.258532241
3.24	1.255941334
3.25	1.253363721
3.26	1.250799293
3.27	1.248247942
3.28	1.245709562
3.29	1.243184047
3.3	1.240671294
3.31	1.2381712
3.32	1.235683662
3.33	1.233208581
3.34	1.230745857
3.35	1.228295392
3.36	1.225857087
3.37	1.223430848
3.38	1.221016577
3.39	1.218614183
3.4	1.21622357
3.41	1.213844648
3.42	1.211477325
3.43	1.20912151
3.44	1.206777114
3.45	1.20444405
3.46	1.202122229
3.47	1.199811565
3.48	1.197511974
3.49	1.195223369
3.5	1.192945668
3.51	1.190678787
3.52	1.188422644
3.53	1.186177159
3.54	1.18394225
3.55	1.18171784
3.56	1.179503847
3.57	1.177300196
3.58	1.175106809
3.59	1.172923609
3.6	1.170750522
3.61	1.168587471
3.62	1.166434385
3.63	1.164291188
3.64	1.162157809
3.65	1.160034176
3.66	1.157920218
3.67	1.155815864
3.68	1.153721045
3.69	1.151635692
3.7	1.149559737
3.71	1.147493112
3.72	1.145435751
3.73	1.143387586
3.74	1.141348552
3.75	1.139318586
3.76	1.137297621
3.77	1.135285594
3.78	1.133282443
3.79	1.131288104
3.8	1.129302517
3.81	1.127325619
3.82	1.12535735
3.83	1.12339765
3.84	1.12144646
3.85	1.119503719
3.86	1.117569371
3.87	1.115643357
3.88	1.11372562
3.89	1.111816102
3.9	1.109914749
3.91	1.108021504
3.92	1.106136311
3.93	1.104259117
3.94	1.102389867
3.95	1.100528507
3.96	1.098674985
3.97	1.096829248
3.98	1.094991242
3.99	1.093160918
4	1.091338223
4.01	1.089523107
4.02	1.08771552
4.03	1.085915411
4.04	1.084122731
4.05	1.082337432
4.06	1.080559464
4.07	1.07878878
4.08	1.077025333
4.09	1.075269074
4.1	1.073519957
4.11	1.071777937
4.12	1.070042966
4.13	1.068314999
4.14	1.066593992
4.15	1.064879899
4.16	1.063172677
4.17	1.06147228
4.18	1.059778666
4.19	1.058091791
4.2	1.056411613
4.21	1.05473809
4.22	1.053071178
4.23	1.051410837
4.24	1.049757025
4.25	1.0481097
4.26	1.046468824
4.27	1.044834354
4.28	1.043206252
4.29	1.041584477
4.3	1.039968991
4.31	1.038359754
4.32	1.036756729
4.33	1.035159875
4.34	1.033569157
4.35	1.031984535
4.36	1.030405973
4.37	1.028833434
4.38	1.027266881
4.39	1.025706278
4.4	1.024151588
4.41	1.022602776
4.42	1.021059807
4.43	1.019522645
4.44	1.017991255
4.45	1.016465602
4.46	1.014945653
4.47	1.013431374
4.48	1.01192273
4.49	1.010419688
4.5	1.008922215
4.51	1.007430278
4.52	1.005943844
4.53	1.004462881
4.54	1.002987357
4.55	1.00151724
4.56	1.000052497
4.57	0.998593099
4.58	0.997139013
4.59	0.99569021
4.6	0.994246657
4.61	0.992808325
4.62	0.991375184
4.63	0.989947204
4.64	0.988524354
4.65	0.987106607
4.66	0.985693931
4.67	0.9842863
4.68	0.982883682
4.69	0.981486052
4.7	0.980093379
4.71	0.978705636
4.72	0.977322794
4.73	0.975944828
4.74	0.974571708
4.75	0.973203407
4.76	0.9718399
4.77	0.970481158
4.78	0.969127155
4.79	0.967777865
4.8	0.966433262
4.81	0.96509332
4.82	0.963758012
4.83	0.962427314
4.84	0.9611012
4.85	0.959779644
4.86	0.958462622
4.87	0.957150109
4.88	0.95584208
4.89	0.95453851
4.9	0.953239376
4.91	0.951944654
4.92	0.950654318
4.93	0.949368347
4.94	0.948086715
4.95	0.9468094
4.96	0.945536379
4.97	0.944267628
4.98	0.943003125
4.99	0.941742847
5	0.940486771
