0	1
0.01	1.15
0.02	1.3
0.03	1.45
0.04	1.6
0.05	1.75
0.06	1.9
0.07	2.05
0.08	2.2
0.09	2.35
0.1	2.5
0.11	2.65
0.12	2.8
0.13	2.95
0.14	3.1
0.15	3.25
0.16	3.25
0.17	3.25
0.18	3.25
0.19	3.25
0.2	3.25
0.21	3.25
0.22	3.25
0.23	3.25
0.24	3.25
0.25	3.25
0.26	3.25
0.27	3.25
0.28	3.25
0.29	3.25
0.3	3.25
0.31	3.25
0.32	3.25
0.33	3.25
0.34	3.25
0.35	3.25
0.36	3.25
0.37	3.25
0.38	3.25
0.39	3.25
0.4	3.25
0.41	3.25
0.42	3.25
0.43	3.25
0.44	3.25
0.45	3.25
0.46	3.25
0.47	3.25
0.48	3.25
0.49	3.25
0.5	3.25
0.51	3.25
0.52	3.25
0.53	3.25
0.54	3.25
0.55	3.25
0.56	3.25
0.57	3.25
0.58	3.25
0.59	3.25
0.6	3.25
0.61	3.25
0.62	3.25
0.63	3.25
0.64	3.25
0.65	3.25
0.66	3.25
0.67	3.25
0.68	3.25
0.69	3.25
0.7	3.25
0.71	3.25
0.72	3.25
0.73	3.25
0.74	3.25
0.75	3.25
0.76	3.25
0.77	3.25
0.78	3.25
0.79	3.25
0.8	3.25
0.81	3.25
0.82	3.25
0.83	3.25
0.84	3.25
0.85	3.25
0.86	3.25
0.87	3.25
0.88	3.25
0.89	3.25
0.9	3.25
0.91	3.25
0.92	3.25
0.93	3.25
0.94	3.25
0.95	3.25
0.96	3.25
0.97	3.25
0.98	3.25
0.99	3.25
1	3.25
1.01	3.228512299
1.02	3.20737628
1.03	3.186582826
1.04	3.166123137
1.05	3.145988723
1.06	3.12617139
1.07	3.10666322
1.08	3.08745657
1.09	3.068544052
1.1	3.049918523
1.11	3.031573079
1.12	3.013501041
1.13	2.995695948
1.14	2.978151546
1.15	2.960861781
1.16	2.943820791
1.17	2.927022897
1.18	2.910462599
1.19	2.894134565
1.2	2.878033625
1.21	2.862154768
1.22	2.846493134
1.23	2.831044005
1.24	2.815802807
1.25	2.800765097
1.26	2.785926563
1.27	2.771283017
1.28	2.756830392
1.29	2.742564735
1.3	2.728482208
1.31	2.714579076
1.32	2.700851711
1.33	2.687296586
1.34	2.673910267
1.35	2.660689416
1.36	2.647630784
1.37	2.634731212
1.38	2.62198762
1.39	2.609397012
1.4	2.596956473
1.41	2.584663159
1.42	2.572514303
1.43	2.560507208
1.44	2.548639245
1.45	2.536907853
1.46	2.525310535
1.47	2.513844855
1.48	2.502508439
1.49	2.491298971
1.5	2.480214192
1.51	2.469251897
1.52	2.458409935
1.53	2.447686206
1.54	2.437078661
1.55	2.426585299
1.56	2.416204166
1.57	2.405933353
1.58	2.395770997
1.59	2.385715276
1.6	2.375764412
1.61	2.365916667
1.62	2.35617034
1.63	2.346523771
1.64	2.336975336
1.65	2.327523448
1.66	2.318166554
1.67	2.308903136
1.68	2.299731708
1.69	2.290650818
1.7	2.281659043
1.71	2.272754994
1.72	2.263937308
1.73	2.255204653
1.74	2.246555724
1.75	2.237989245
1.76	2.229503965
1.77	2.22109866
1.78	2.21277213
1.79	2.2045232
1.8	2.196350721
1.81	2.188253564
1.82	2.180230625
1.83	2.172280821
1.84	2.164403092
1.85	2.156596397
1.86	2.148859718
1.87	2.141192055
1.88	2.133592428
1.89	2.126059877
1.9	2.118593459
1.91	2.111192249
1.92	2.103855343
1.93	2.096581849
1.94	2.089370897
1.95	2.082221629
1.96	2.075133206
1.97	2.068104804
1.98	2.061135614
1.99	2.054224841
2	2.047371706
2.01	2.040575444
2.02	2.033835302
2.03	2.027150544
2.04	2.020520445
2.05	2.013944293
2.06	2.00742139
2.07	2.000951048
2.08	1.994532593
2.09	1.988165364
2.1	1.981848708
2.11	1.975581986
2.12	1.96936457
2.13	1.963195841
2.14	1.957075193
2.15	1.951002029
2.16	1.944975762
2.17	1.938995815
2.18	1.933061622
2.19	1.927172624
2.2	1.921328274
2.21	1.915528032
2.22	1.909771368
2.23	1.904057761
2.24	1.898386698
2.25	1.892757674
2.26	1.887170192
2.27	1.881623765
2.28	1.876117911
2.29	1.870652159
2.3	1.865226042
2.31	1.859839103
2.32	1.854490891
2.33	1.849180962
2.34	1.843908881
2.35	1.838674217
2.36	1.833476547
2.37	1.828315454
2.38	1.82319053
2.39	1.818101368
2.4	1.813047573
2.41	1.808028752
2.42	1.80304452
2.43	1.798094497
2.44	1.793178309
2.45	1.788295587
2.46	1.783445968
2.47	1.778629094
2.48	1.773844614
2.49	1.769092181
2.5	1.764371451
2.51	1.759682088
2.52	1.75502376
2.53	1.75039614
2.54	1.745798904
2.55	1.741231736
2.56	1.736694321
2.57	1.732186351
2.58	1.72770752
2.59	1.72325753
2.6	1.718836084
2.61	1.71444289
2.62	1.71007766
2.63	1.70574011
2.64	1.701429962
2.65	1.697146938
2.66	1.692890768
2.67	1.688661182
2.68	1.684457915
2.69	1.680280708
2.7	1.676129301
2.71	1.672003442
2.72	1.667902879
2.73	1.663827365
2.74	1.659776657
2.75	1.655750514
2.76	1.651748697
2.77	1.647770974
2.78	1.643817112
2.79	1.639886883
2.8	1.635980063
2.81	1.632096428
2.82	1.62823576
2.83	1.624397842
2.84	1.620582461
2.85	1.616789404
2.86	1.613018465
2.87	1.609269436
2.88	1.605542117
2.89	1.601836305
2.9	1.598151803
2.91	1.594488416
2.92	1.59084595
2.93	1.587224216
2.94	1.583623024
2.95	1.58004219
2.96	1.57648153
2.97	1.572940862
2.98	1.569420008
2.99	1.56591879
3	1.562437034
3.01	1.558974568
3.02	1.555531221
3.03	1.552106825
3.04	1.548701213
3.05	1.545314221
3.06	1.541945687
3.07	1.538595451
3.08	1.535263353
3.09	1.531949237
3.1	1.528652949
3.11	1.525374335
3.12	1.522113245
3.13	1.518869528
3.14	1.515643038
3.15	1.512433628
3.16	1.509241155
3.17	1.506065475
3.18	1.502906448
3.19	1.499763934
3.2	1.496637796
3.21	1.493527898
3.22	1.490434105
3.23	1.487356284
3.24	1.484294304
3.25	1.481248034
3.26	1.478217346
3.27	1.475202113
3.28	1.472202209
3.29	1.46921751
3.3	1.466247893
3.31	1.463293236
3.32	1.460353419
3.33	1.457428324
3.34	1.454517831
3.35	1.451621827
3.36	1.448740194
3.37	1.44587282
3.38	1.443019592
3.39	1.440180398
3.4	1.437355129
3.41	1.434543675
3.42	1.431745929
3.43	1.428961784
3.44	1.426191135
3.45	1.423433877
3.46	1.420689907
3.47	1.417959123
3.48	1.415241423
3.49	1.412536709
3.5	1.40984488
3.51	1.407165839
3.52	1.404499488
3.53	1.401845733
3.54	1.399204478
3.55	1.396575629
3.56	1.393959092
3.57	1.391354777
3.58	1.388762592
3.59	1.386182447
3.6	1.383614253
3.61	1.381057921
3.62	1.378513364
3.63	1.375980495
3.64	1.373459229
3.65	1.370949481
3.66	1.368451166
3.67	1.365964203
3.68	1.363488508
3.69	1.361024
3.7	1.358570599
3.71	1.356128224
3.72	1.353696796
3.73	1.351276238
3.74	1.348866471
3.75	1.346467419
3.76	1.344079006
3.77	1.341701157
3.78	1.339333796
3.79	1.336976851
3.8	1.334630247
3.81	1.332293914
3.82	1.329967778
3.83	1.327651769
3.84	1.325345816
3.85	1.32304985
3.86	1.320763802
3.87	1.318487604
3.88	1.316221187
3.89	1.313964485
3.9	1.311717431
3.91	1.309479959
3.92	1.307252004
3.93	1.305033502
3.94	1.302824388
3.95	1.3006246
3.96	1.298434073
3.97	1.296252747
3.98	1.294080559
3.99	1.291917449
4	1.289763355
4.01	1.287618218
4.02	1.285481978
4.03	1.283354576
4.04	1.281235955
4.05	1.279126055
4.06	1.277024821
4.07	1.274932195
4.08	1.27284812
4.09	1.270772542
4.1	1.268705404
4.11	1.266646653
4.12	1.264596232
4.13	1.26255409
4.14	1.260520173
4.15	1.258494426
4.16	1.2564768
4.17	1.25446724
4.18	1.252465696
4.19	1.250472117
4.2	1.248486452
4.21	1.246508651
4.22	1.244538665
4.23	1.242576443
4.24	1.240621938
4.25	1.2386751
4.26	1.236735883
4.27	1.234804237
4.28	1.232880116
4.29	1.230963473
4.3	1.229054262
4.31	1.227152437
4.32	1.225257952
4.33	1.223370762
4.34	1.221490822
4.35	1.219618087
4.36	1.217752514
4.37	1.215894059
4.38	1.214042678
4.39	1.212198328
4.4	1.210360968
4.41	1.208530554
4.42	1.206707045
4.43	1.204890398
4.44	1.203080574
4.45	1.20127753
4.46	1.199481227
4.47	1.197691624
4.48	1.195908681
4.49	1.194132358
4.5	1.192362618
4.51	1.190599419
4.52	1.188842725
4.53	1.187092496
4.54	1.185348695
4.55	1.183611283
4.56	1.181880224
4.57	1.180155481
4.58	1.178437016
4.59	1.176724793
4.6	1.175018776
4.61	1.17331893
4.62	1.171625217
4.63	1.169937604
4.64	1.168256055
4.65	1.166580535
4.66	1.16491101
4.67	1.163247445
4.68	1.161589807
4.69	1.159938061
4.7	1.158292175
4.71	1.156652115
4.72	1.155017848
4.73	1.153389342
4.74	1.151766563
4.75	1.150149481
4.76	1.148538063
4.77	1.146932277
4.78	1.145332092
4.79	1.143737477
4.8	1.142148401
4.81	1.140564833
4.82	1.138986742
4.83	1.137414099
4.84	1.135846872
4.85	1.134285034
4.86	1.132728553
4.87	1.131177401
4.88	1.129631549
4.89	1.128090967
4.9	1.126555626
4.91	1.1250255
4.92	1.123500558
4.93	1.121980773
4.94	1.120466118
4.95	1.118956564
4.96	1.117452085
4.97	1.115952652
4.98	1.114458239
4.99	1.112968819
5	1.111484365
