-6.40E-03
-6.03E-03
5.30E-04
7.74E-03
6.89E-03
6.88E-03
6.71E-03
6.47E-03
6.27E-03
6.15E-03
6.13E-03
6.20E-03
6.28E-03
6.31E-03
6.28E-03
6.23E-03
6.20E-03
6.19E-03
6.18E-03
6.17E-03
6.15E-03
6.12E-03
6.08E-03
6.06E-03
6.05E-03
6.07E-03
6.10E-03
6.13E-03
6.18E-03
6.22E-03
6.25E-03
6.24E-03
6.22E-03
6.21E-03
6.22E-03
6.22E-03
6.22E-03
6.19E-03
6.12E-03
6.01E-03
5.92E-03
5.93E-03
6.08E-03
6.32E-03
6.56E-03
6.77E-03
6.95E-03
6.98E-03
6.70E-03
6.16E-03
5.51E-03
4.90E-03
4.34E-03
3.94E-03
4.02E-03
4.75E-03
5.86E-03
6.66E-03
6.63E-03
6.00E-03
5.49E-03
5.54E-03
6.11E-03
6.91E-03
7.61E-03
8.14E-03
8.48E-03
8.46E-03
7.84E-03
6.89E-03
6.23E-03
6.22E-03
6.62E-03
6.99E-03
7.11E-03
6.99E-03
6.58E-03
5.81E-03
4.76E-03
3.62E-03
2.48E-03
1.26E-03
-8.83E-05
-1.30E-03
-2.01E-03
-2.24E-03
-2.48E-03
-3.32E-03
-4.91E-03
-6.95E-03
-8.87E-03
-9.94E-03
-9.64E-03
-8.34E-03
-6.89E-03
-5.85E-03
-5.17E-03
-4.48E-03
-3.59E-03
-2.95E-03
-3.37E-03
-4.97E-03
-7.25E-03
-9.87E-03
-1.25E-02
-1.49E-02
-1.69E-02
-1.89E-02
-2.10E-02
-2.30E-02
-2.38E-02
-2.32E-02
-2.20E-02
-2.06E-02
-1.86E-02
-1.59E-02
-1.35E-02
-1.24E-02
-1.12E-02
-6.38E-03
3.82E-03
1.75E-02
3.10E-02
3.98E-02
4.04E-02
3.43E-02
2.68E-02
2.17E-02
1.91E-02
1.70E-02
1.33E-02
7.95E-03
2.12E-03
-3.26E-03
-7.97E-03
-1.24E-02
-1.71E-02
-2.22E-02
-2.79E-02
-3.44E-02
-4.20E-02
-5.01E-02
-5.83E-02
-6.63E-02
-7.43E-02
-8.26E-02
-8.91E-02
-8.97E-02
-8.29E-02
-7.24E-02
-6.24E-02
-5.50E-02
-5.16E-02
-5.28E-02
-5.65E-02
-5.93E-02
-5.91E-02
-5.65E-02
-5.40E-02
-5.40E-02
-5.80E-02
-6.51E-02
-7.29E-02
-7.91E-02
-7.64E-02
-4.99E-02
4.30E-03
7.26E-02
1.34E-01
1.67E-01
1.66E-01
1.47E-01
1.32E-01
1.30E-01
1.36E-01
1.40E-01
1.38E-01
1.32E-01
1.28E-01
1.29E-01
1.32E-01
1.35E-01
1.38E-01
1.40E-01
1.39E-01
1.34E-01
1.24E-01
1.11E-01
9.96E-02
8.93E-02
7.96E-02
6.92E-02
5.70E-02
4.22E-02
2.51E-02
7.27E-03
-1.01E-02
-2.69E-02
-4.36E-02
-6.07E-02
-7.83E-02
-9.65E-02
-1.15E-01
-1.33E-01
-1.52E-01
-1.70E-01
-1.89E-01
-2.07E-01
-2.26E-01
-2.44E-01
-2.60E-01
-2.72E-01
-2.82E-01
-2.93E-01
-3.05E-01
-3.13E-01
-3.08E-01
-2.90E-01
-2.62E-01
-2.22E-01
-1.45E-01
-5.73E-03
1.65E-01
2.71E-01
2.66E-01
1.96E-01
1.34E-01
1.13E-01
1.21E-01
1.29E-01
1.18E-01
8.93E-02
5.28E-02
2.11E-02
-3.54E-04
-1.42E-02
-2.69E-02
-4.29E-02
-6.23E-02
-8.32E-02
-1.03E-01
-1.22E-01
-1.40E-01
-1.59E-01
-1.73E-01
-1.36E-01
-2.87E-03
1.82E-01
2.96E-01
2.82E-01
1.94E-01
1.15E-01
8.37E-02
8.77E-02
9.36E-02
7.93E-02
4.32E-02
-8.85E-04
-2.50E-02
2.77E-03
8.47E-02
1.79E-01
2.30E-01
2.19E-01
1.76E-01
1.41E-01
1.31E-01
1.37E-01
1.43E-01
1.38E-01
1.23E-01
1.04E-01
8.67E-02
7.38E-02
6.35E-02
5.35E-02
4.20E-02
2.93E-02
1.61E-02
3.17E-03
-9.44E-03
-2.03E-02
-2.30E-02
-1.12E-02
1.20E-02
3.74E-02
5.87E-02
7.61E-02
9.01E-02
9.58E-02
8.96E-02
7.61E-02
6.28E-02
5.32E-02
4.59E-02
3.80E-02
2.72E-02
1.34E-02
-1.68E-03
-1.64E-02
-3.00E-02
-4.29E-02
-5.61E-02
-6.64E-02
-6.09E-02
-2.88E-02
1.85E-02
5.09E-02
4.89E-02
2.22E-02
-6.03E-03
-2.21E-02
-2.69E-02
-2.96E-02
-3.73E-02
-5.16E-02
-6.93E-02
-8.66E-02
-1.02E-01
-1.15E-01
-1.28E-01
-1.39E-01
-1.27E-01
-7.49E-02
-1.17E-02
1.22E-02
-1.24E-02
-5.59E-02
-8.85E-02
-1.02E-01
-1.05E-01
-1.10E-01
-1.24E-01
-1.46E-01
-1.70E-01
-1.89E-01
-1.61E-01
-3.88E-02
1.28E-01
2.18E-01
1.88E-01
9.98E-02
2.86E-02
3.56E-03
7.74E-03
1.02E-02
-8.35E-03
-4.20E-02
-4.87E-02
1.59E-02
1.24E-01
1.94E-01
1.88E-01
1.38E-01
9.34E-02
7.76E-02
8.31E-02
9.02E-02
8.59E-02
6.92E-02
4.72E-02
2.70E-02
1.13E-02
6.14E-03
2.25E-02
5.30E-02
7.08E-02
6.37E-02
4.25E-02
2.36E-02
1.43E-02
1.21E-02
1.04E-02
4.29E-03
-7.18E-03
-2.16E-02
-3.57E-02
-4.82E-02
-5.85E-02
-6.27E-02
-5.48E-02
-3.58E-02
-1.34E-02
6.17E-03
2.11E-02
2.77E-02
2.16E-02
5.53E-03
-1.21E-02
-2.58E-02
-3.59E-02
-4.61E-02
-5.96E-02
-7.68E-02
-9.56E-02
-1.14E-01
-1.31E-01
-1.47E-01
-1.63E-01
-1.72E-01
-1.53E-01
-9.65E-02
-2.45E-02
2.36E-02
2.50E-02
-6.34E-03
-3.94E-02
-5.36E-02
-4.27E-02
-1.26E-02
1.96E-02
3.35E-02
2.26E-02
-1.25E-03
-2.21E-02
-3.30E-02
-3.70E-02
-4.08E-02
-4.87E-02
-6.09E-02
-7.52E-02
-8.95E-02
-1.03E-01
-1.15E-01
-1.26E-01
-1.38E-01
-1.51E-01
-1.65E-01
-1.79E-01
-1.91E-01
-1.98E-01
-1.98E-01
-1.96E-01
-1.94E-01
-1.93E-01
-1.89E-01
-1.77E-01
-1.48E-01
-7.45E-02
4.45E-02
1.37E-01
1.44E-01
8.60E-02
2.04E-02
-1.37E-02
-4.91E-03
4.00E-02
9.88E-02
1.49E-01
1.82E-01
2.07E-01
2.30E-01
2.42E-01
2.32E-01
2.07E-01
1.80E-01
1.60E-01
1.44E-01
1.27E-01
1.07E-01
8.11E-02
5.16E-02
2.02E-02
-1.09E-02
-4.03E-02
-6.88E-02
-9.75E-02
-1.27E-01
-1.58E-01
-1.78E-01
-1.56E-01
-7.55E-02
2.20E-02
7.06E-02
4.81E-02
-1.01E-02
-5.85E-02
-7.90E-02
-8.15E-02
-8.52E-02
-1.01E-01
-1.29E-01
-1.60E-01
-1.89E-01
-2.14E-01
-2.37E-01
-2.54E-01
-2.30E-01
-1.20E-01
4.98E-02
1.82E-01
2.06E-01
1.48E-01
8.03E-02
5.04E-02
5.74E-02
7.35E-02
7.60E-02
7.16E-02
9.08E-02
1.46E-01
2.06E-01
2.28E-01
2.07E-01
1.70E-01
1.45E-01
1.36E-01
1.37E-01
1.34E-01
1.22E-01
1.04E-01
8.47E-02
6.77E-02
5.33E-02
4.30E-02
4.48E-02
6.63E-02
1.01E-01
1.32E-01
1.42E-01
1.32E-01
1.16E-01
1.06E-01
1.04E-01
1.01E-01
9.02E-02
7.16E-02
5.04E-02
3.07E-02
1.21E-02
-4.16E-05
2.41E-02
9.79E-02
1.68E-01
1.80E-01
1.40E-01
9.00E-02
5.99E-02
5.20E-02
5.17E-02
4.47E-02
2.64E-02
1.22E-03
-2.41E-02
-4.57E-02
-6.41E-02
-8.03E-02
-8.98E-02
-8.45E-02
-6.47E-02
-4.01E-02
-1.86E-02
-2.67E-03
4.00E-03
-2.79E-03
-1.97E-02
-3.77E-02
-5.14E-02
-6.15E-02
-7.15E-02
-8.40E-02
-9.93E-02
-1.16E-01
-1.32E-01
-1.46E-01
-1.60E-01
-1.75E-01
-1.86E-01
-1.84E-01
-1.58E-01
-1.16E-01
-7.18E-02
-3.67E-02
-1.64E-02
-1.41E-02
-2.54E-02
-3.87E-02
-4.62E-02
-4.86E-02
-4.85E-02
-4.40E-02
-3.18E-02
-1.38E-02
4.90E-03
1.94E-02
2.46E-02
2.02E-02
1.28E-02
1.03E-02
1.49E-02
2.30E-02
2.89E-02
2.87E-02
2.24E-02
1.39E-02
6.44E-03
-2.87E-04
-8.80E-03
-2.01E-02
-3.31E-02
-4.64E-02
-5.63E-02
-5.57E-02
-4.09E-02
-1.79E-02
4.54E-03
2.40E-02
3.93E-02
4.30E-02
3.06E-02
9.12E-03
-1.14E-02
-2.54E-02
-2.88E-02
-1.81E-02
2.10E-03
1.95E-02
2.26E-02
1.09E-02
-6.02E-03
-1.89E-02
-2.52E-02
-2.83E-02
-3.24E-02
-4.00E-02
-4.79E-02
-4.67E-02
-3.11E-02
-9.10E-03
8.35E-03
1.71E-02
1.70E-02
1.04E-02
1.67E-03
-5.12E-03
-9.06E-03
-9.65E-03
-5.72E-03
1.80E-03
9.27E-03
1.26E-02
1.04E-02
5.04E-03
2.18E-04
-2.31E-03
-3.25E-03
-4.24E-03
-5.96E-03
-5.87E-03
3.14E-05
1.20E-02
2.64E-02
3.95E-02
4.69E-02
4.44E-02
3.32E-02
2.19E-02
1.71E-02
1.84E-02
2.09E-02
2.07E-02
1.74E-02
1.26E-02
5.94E-03
-4.82E-03
-1.60E-02
-1.77E-02
-5.78E-03
1.13E-02
2.06E-02
1.69E-02
7.13E-03
1.02E-03
2.37E-03
8.28E-03
1.39E-02
1.61E-02
1.42E-02
9.03E-03
2.88E-03
-2.31E-03
-6.68E-03
-1.17E-02
-1.81E-02
-2.55E-02
-3.38E-02
-4.47E-02
-6.00E-02
-7.74E-02
-8.66E-02
-7.49E-02
-4.21E-02
-1.42E-03
3.08E-02
4.17E-02
3.05E-02
1.02E-02
-5.41E-03
-1.20E-02
-1.39E-02
-1.38E-02
-8.91E-03
2.90E-03
1.84E-02
3.35E-02
4.63E-02
5.39E-02
5.17E-02
4.03E-02
2.57E-02
1.37E-02
4.89E-03
-2.47E-03
-9.95E-03
-1.81E-02
-2.70E-02
-3.62E-02
-4.22E-02
-3.87E-02
-2.40E-02
-3.85E-03
1.50E-02
2.72E-02
2.84E-02
1.96E-02
9.16E-03
5.68E-03
1.07E-02
1.87E-02
2.26E-02
1.90E-02
1.03E-02
1.10E-03
-5.43E-03
-9.40E-03
-1.26E-02
-1.66E-02
-2.20E-02
-2.70E-02
-2.76E-02
-2.18E-02
-1.22E-02
-2.37E-03
3.66E-03
1.33E-03
-1.06E-02
-2.72E-02
-4.29E-02
-5.39E-02
-5.61E-02
-4.62E-02
-2.83E-02
-1.10E-02
-9.32E-04
1.05E-03
-1.35E-04
3.71E-04
1.53E-03
-1.18E-04
-3.50E-03
-6.00E-03
-8.43E-03
-1.30E-02
-2.02E-02
-2.83E-02
-3.61E-02
-4.30E-02
-4.97E-02
-5.54E-02
-5.72E-02
-5.38E-02
-4.74E-02
-4.11E-02
-3.78E-02
-4.07E-02
-5.09E-02
-6.57E-02
-7.83E-02
-7.76E-02
-5.91E-02
-3.67E-02
-2.63E-02
-2.62E-02
-2.28E-02
-8.24E-03
1.17E-02
2.61E-02
3.15E-02
3.22E-02
3.35E-02
3.71E-02
4.14E-02
4.45E-02
4.62E-02
4.66E-02
4.59E-02
4.52E-02
4.43E-02
3.83E-02
2.20E-02
-3.39E-03
-2.40E-02
-2.31E-02
-4.45E-04
2.94E-02
5.34E-02
6.51E-02
6.20E-02
4.79E-02
3.39E-02
2.85E-02
3.12E-02
3.58E-02
3.74E-02
3.54E-02
3.15E-02
2.81E-02
2.62E-02
2.56E-02
2.53E-02
2.52E-02
2.61E-02
2.83E-02
3.11E-02
3.33E-02
3.31E-02
2.91E-02
2.23E-02
1.50E-02
8.16E-03
8.69E-04
-7.49E-03
-1.68E-02
-2.61E-02
-3.34E-02
-3.65E-02
-3.63E-02
-3.54E-02
-3.57E-02
-3.70E-02
-3.81E-02
-3.78E-02
-3.63E-02
-3.44E-02
-3.28E-02
-3.07E-02
-2.69E-02
-2.16E-02
-1.66E-02
-1.52E-02
-1.79E-02
-2.27E-02
-2.72E-02
-3.01E-02
-1.53E-02
3.74E-02
1.07E-01
1.52E-01
1.61E-01
1.48E-01
1.30E-01
1.20E-01
1.20E-01
1.22E-01
1.21E-01
1.13E-01
1.01E-01
8.76E-02
7.58E-02
6.61E-02
5.75E-02
4.85E-02
3.87E-02
2.83E-02
1.77E-02
7.81E-03
1.51E-03
2.02E-03
8.37E-03
1.61E-02
2.10E-02
1.95E-02
1.01E-02
-3.82E-03
-1.68E-02
-2.38E-02
-2.11E-02
-1.14E-02
-5.19E-03
-1.22E-02
-3.19E-02
-5.54E-02
-7.50E-02
-8.93E-02
-1.02E-01
-1.16E-01
-1.35E-01
-1.57E-01
-1.75E-01
-1.60E-01
-7.43E-02
5.25E-02
1.35E-01
1.28E-01
6.80E-02
1.16E-02
-1.12E-02
5.14E-04
3.84E-02
8.44E-02
1.11E-01
1.03E-01
7.60E-02
5.08E-02
4.19E-02
5.13E-02
6.75E-02
7.15E-02
5.34E-02
2.08E-02
-1.23E-02
-4.02E-02
-6.60E-02
-9.45E-02
-1.28E-01
-1.61E-01
-1.74E-01
-1.45E-01
-8.38E-02
-3.29E-02
-2.18E-02
-4.18E-02
-6.11E-02
-5.60E-02
-2.76E-02
7.52E-03
3.52E-02
5.24E-02
6.44E-02
7.76E-02
9.36E-02
1.09E-01
1.21E-01
1.25E-01
1.15E-01
9.35E-02
6.65E-02
4.19E-02
2.15E-02
2.58E-03
-1.77E-02
-4.13E-02
-7.01E-02
-1.04E-01
-1.42E-01
-1.65E-01
-1.37E-01
-5.01E-02
3.74E-02
6.59E-02
3.80E-02
-4.12E-03
-2.67E-02
-2.47E-02
-1.27E-02
-6.33E-03
-1.40E-02
-3.62E-02
-6.64E-02
-8.70E-02
-7.48E-02
-2.48E-02
4.01E-02
8.32E-02
8.13E-02
4.51E-02
6.52E-03
-1.09E-02
-6.16E-03
5.68E-03
1.05E-02
3.91E-03
-1.16E-02
-3.12E-02
-4.95E-02
-6.21E-02
-6.88E-02
-7.32E-02
-7.87E-02
-8.29E-02
-7.99E-02
-6.86E-02
-5.32E-02
-3.63E-02
-1.87E-02
-4.14E-03
5.85E-04
-1.73E-03
2.03E-03
1.94E-02
4.37E-02
5.82E-02
5.09E-02
2.62E-02
-1.66E-03
-2.28E-02
-3.72E-02
-4.87E-02
-5.02E-02
-3.15E-02
-1.75E-03
1.80E-02
1.86E-02
6.90E-03
-3.87E-03
-3.27E-03
9.11E-03
2.57E-02
3.89E-02
4.57E-02
4.57E-02
3.95E-02
3.06E-02
2.28E-02
1.73E-02
1.21E-02
2.92E-03
-1.22E-02
-3.08E-02
-4.95E-02
-6.66E-02
-8.26E-02
-9.87E-02
-1.13E-01
-1.14E-01
-9.65E-02
-6.48E-02
-2.97E-02
2.93E-03
3.05E-02
4.62E-02
4.27E-02
2.52E-02
1.18E-02
2.10E-02
5.49E-02
9.60E-02
1.19E-01
1.09E-01
7.73E-02
4.38E-02
2.14E-02
9.21E-03
-9.78E-05
-1.06E-02
-2.25E-02
-3.50E-02
-4.72E-02
-5.46E-02
-5.06E-02
-3.51E-02
-1.55E-02
2.63E-05
7.93E-03
1.06E-02
1.33E-02
1.91E-02
2.61E-02
0.02950233
2.74E-02
0.02462553
0.02763905
0.03776072
0.05076716
0.06228374
0.07124056
0.07834718
0.08128977
0.07565945
0.06179454
0.04520485
0.03061041
0.01867217
0.007168272
-0.004424251
-0.01133191
-0.009452277
-0.002189375
0.00377307
0.005518712
0.00441563
0.005597683
0.01627868
0.03270209
0.03866136
0.02685409
0.005580004
-0.01404065
-0.02733139
-0.0366672
-0.0461196
-0.0574159
-0.06896693
-0.07404812
-0.06505272
-0.04320637
-0.01730448
0.005429619
0.02382986
0.03917984
0.04785862
0.04510368
0.03382985
0.02144178
0.01225543
0.005856231
-0.000494965
-0.008919198
-0.01963175
-0.03171158
-0.04091765
-0.03830006
-0.01924648
0.009328592
0.03500863
0.05010126
0.05663557
0.06126995
0.06598668
0.06786827
0.06559307
0.0610549
0.05638495
0.05209451
0.04740273
0.04203646
0.03665988
0.03158594
0.02693456
0.02510993
0.03052185
0.04359732
0.05848415
0.06898324
0.0747644
0.08204027
0.09562104
0.109189
0.1115736
0.1011707
0.08583984
0.07306157
0.0650329
0.06012997
0.05600427
0.05103571
0.04465103
0.03737891
0.03013021
0.02274016
0.01397579
0.003442711
-0.007960955
-0.01914022
-0.02968275
-0.03994025
-0.0501039
-0.05964526
-0.0681225
-0.0758142
-0.08342739
-0.09138781
-0.09951036
-0.1070074
-0.1123936
-0.1152764
-0.117079
-0.1192605
-0.1223588
-0.1258721
-0.129444
-0.1344479
-0.1431083
-0.1555115
-0.1693526
-0.1826322
-0.1952548
-0.2047362
-0.1984537
-0.1633765
-0.1059302
-0.04872938
-0.008882944
0.01509793
0.03498816
0.05445894
0.06634777
0.06666951
0.06099492
0.05954255
0.06979259
0.0901218
0.11249
0.1297526
0.1365122
0.1307841
0.117855
0.1057256
0.09823444
0.09407958
0.08964409
0.08325018
0.0779966
0.07821939
0.08351692
0.08928359
0.09202381
0.0916751
0.08988331
0.08850763
0.08852239
0.08946319
0.09063827
0.09156941
0.09199228
0.09143165
0.08633831
0.07072127
0.04309692
0.009751558
-0.01803847
-0.03009629
-0.026868
-0.02060475
-0.02395754
-0.03876032
-0.05364226
-0.05334136
-0.03636819
-0.01925424
-0.01792729
-0.03229014
-0.05144416
-0.06560944
-0.06933925
-0.06168451
-0.04782708
-0.0350669
-0.02664258
-0.02100479
-0.01715773
-0.01853593
-0.02762889
-0.04114045
-0.05116616
-0.04936766
-0.03657815
-0.02474206
-0.02360245
-0.03158777
-0.03911159
-0.03651817
-0.02307793
-0.007839354
0.000783702
0.002265497
0.002622756
0.007473806
0.01432651
0.01645057
0.01223963
0.005242626
-0.000824053
-0.004878336
-0.00703512
-0.005462175
0.001752149
0.01297976
0.02481237
0.03467909
0.03937329
0.03530716
0.02341937
0.009281867
-0.003054904
-0.01423895
-0.02621526
-0.03730324
-0.0440133
-0.04599547
-0.04577587
-0.04570009
-0.04636491
-0.0470097
-0.04697639
-0.04583613
-0.04079955
-0.02934251
-0.01689758
-0.012223
-0.01660692
-0.02502862
-0.03292283
-0.03874408
-0.04328163
-0.0479311
-0.05259366
-0.05583962
-0.05710831
-0.05822552
-0.06300448
-0.07235613
-0.08148134
-0.08595127
-0.08777062
-0.08912813
-0.08241289
-0.05888868
-0.02491564
0.002546496
0.01450588
0.01656109
0.01880601
0.02580977
0.03606781
0.04567929
0.05069063
0.04891995
0.04167447
0.03280504
0.02618528
0.02339171
0.02103596
0.01016899
-0.01430009
-0.03884694
-0.03961777
-0.01020016
0.03192339
0.06018624
0.0575606
0.0301758
-0.001537477
-0.02300981
-0.03389392
-0.04010718
-0.03849011
-0.01906424
0.01738762
0.05922485
0.09289922
0.103098
0.08225555
0.0430541
0.009392092
-0.004319642
-0.002533424
0.002529404
0.006473194
0.01186668
0.01950094
0.02747593
0.03410949
0.03757404
0.03651439
0.03253284
0.02918668
0.02844647
0.02899985
0.02739239
0.02128971
0.01240819
0.005320304
0.002677671
0.001742209
-0.002907298
-0.01265235
-0.02352735
-0.0314354
-0.03722502
-0.04810268
-0.07117383
-0.09952264
-0.1102605
-0.08784364
-0.04187896
0.006185474
0.04378744
0.07185933
0.09283879
0.1016236
0.09568906
0.08257391
0.07138303
0.06486632
0.06023799
0.05379007
0.04395583
0.03166569
0.0191635
0.00862018
0.000976434
-0.004721895
-0.01111424
-0.02186858
-0.03726268
-0.04534429
-0.02811781
0.01308227
0.05225637
0.06675998
0.05889103
0.04756389
0.04764687
0.05765947
0.06470642
0.06005919
0.04612286
0.0282207
0.005421056
-0.02396456
-0.05325445
-0.07402693
-0.08647079
-0.09703655
-0.1113089
-0.1295733
-0.1439196
-0.1441489
-0.1299093
-0.1086727
-0.0837501
-0.05492229
-0.02698206
-0.006350849
0.007828015
0.01889024
0.02364476
0.01786576
0.004508749
-0.009867893
-0.02167284
-0.0314823
-0.0417285
-0.05112411
-0.05104879
-0.03495812
-0.01030627
0.008370923
0.01670355
0.01945844
0.018413
0.01340489
0.006704317
0.000767168
-0.002207465
0.000423041
0.008593811
0.01832532
0.02534441
0.02865209
0.03099479
0.03633799
0.04633186
0.05921966
0.0718232
0.07870485
0.07302185
0.05476055
0.03336456
0.01890771
0.0132928
0.01115708
0.006921332
-0.00028276
-0.007248279
-0.01132058
-0.01273157
-0.0134379
-0.01643341
-0.02477043
-0.03696503
-0.04224262
-0.02802701
0.005104661
0.04438689
0.07383654
0.07941843
0.0604538
0.0320403
0.01002331
-0.000731291
-0.005575929
-0.01242153
-0.02466907
-0.03722773
-0.04009717
-0.02963049
-0.01206079
0.004591291
0.01727388
0.02528658
0.02488907
0.01332508
-0.005169356
-0.02317655
-0.03668856
-0.04687899
-0.05736653
-0.06957074
-0.07812319
-0.07451021
-0.05819893
-0.03700212
-0.01716621
0.000285531
0.01413084
0.02165185
0.02388375
0.02452673
0.02474374
0.02343855
0.0201367
0.01531624
0.009236032
0.001050246
-0.01024688
-0.02057927
-0.02115262
-0.009085999
0.009207797
0.02591234
0.03833003
0.04722162
0.05081248
0.0460044
0.03460304
0.02210024
0.0120226
0.004134042
-0.003818704
-0.01119432
-0.0120702
-0.002734105
0.009845136
0.01310982
0.002614371
-0.0148991
-0.03060857
-0.04105759
-0.04815812
-0.05443431
-0.05841699
-0.05691009
-0.05058318
-0.04299995
-0.03665009
-0.03332544
-0.0356469
-0.04409483
-0.05525603
-0.0654925
-0.07298688
-0.07345137
-0.06027036
-0.03388993
-0.003301872
0.02206357
0.03848292
0.04950516
0.06024409
0.06817505
0.06575133
0.05216439
0.03466487
0.02072283
0.01259845
0.007403665
0.001035283
-0.005899439
-0.006775224
0.002582109
0.01858701
0.03508429
0.04837685
0.05540649
0.05292674
0.04234607
0.02971372
0.01967921
0.01261556
0.006227367
-0.001720244
-0.01052086
-0.01549914
-0.01285688
-0.004395219
0.00508974
0.01209646
0.01581259
0.01864978
0.0246517
0.03393752
0.03952542
0.03439344
0.02004886
0.003571736
-0.00974976
-0.0189679
-0.02650116
-0.03497902
-0.04439305
-0.052773
-0.05923585
-0.06370197
-0.06347712
-0.05536421
-0.04101019
-0.02368419
-0.001635504
0.02879086
0.06350097
0.08714237
0.08632024
0.06567635
0.04180951
0.02632364
0.01947966
0.01477878
0.006377827
-0.007191424
-0.02379105
-0.03797968
-0.04081652
-0.02887569
-0.01314947
-0.008625735
-0.01820383
-0.03299846
-0.04222603
-0.0407386
-0.0316461
-0.02202788
-0.01688726
-0.01690963
-0.01949102
-0.02148521
-0.02086089
-0.01634993
-0.007654086
0.003460614
0.01410983
0.02287795
0.03055909
0.03671026
0.03739718
0.03044757
0.01923432
0.008522832
0.000230215
-0.006749383
-0.01300652
-0.01404622
-0.004192032
0.01362596
0.02876833
0.03432894
0.03278965
0.03085864
0.03197019
0.0335913
0.03154217
0.02592266
0.02065802
0.01847736
0.01873262
0.01927591
0.01876387
0.01617679
0.009744015
0.001412669
-0.001914652
0.003085079
0.01277076
0.02100896
0.0218025
0.01258119
-0.002931233
-0.01906383
-0.03368451
-0.0477951
-0.0628044
-0.07835376
-0.09109914
-0.09651602
-0.09315923
-0.08493103
-0.07714959
-0.07030424
-0.06055649
-0.04576029
-0.02821273
-0.01243571
-0.001258504
0.006460917
0.01325573
0.01834142
0.01864625
0.0140177
0.007503078
0.001787802
-0.00258337
-0.006562723
-0.01119378
-0.01676545
-0.02120605
-0.02010643
-0.01163833
0.000917745
0.01301912
0.02270447
0.03083976
0.03918126
0.04866039
0.05912288
0.06850938
0.07219688
0.06732762
0.05679735
0.04598845
0.037823
0.03177467
0.02578761
0.0183778
0.009442584
0.001669152
0.000299608
0.00749534
0.01944442
0.03087828
0.03950456
0.0447625
0.04542642
0.04170462
0.03644748
0.03226742
0.02998148
0.0303388
0.03429897
0.04089336
0.04775941
0.05270794
0.05383862
0.05088156
0.04605451
0.04203967
0.03932731
0.03667246
0.03362226
0.03067098
0.02801742
0.02543955
0.02251115
0.01871523
0.01419014
0.008149759
-0.004997726
-0.03031585
-0.06073997
-0.08198162
-0.08920239
-0.08866118
-0.08598377
-0.08181219
-0.07700942
-0.07410351
-0.07112369
-0.06005273
-0.0380838
-0.01466557
-0.000555474
0.003741201
0.004674673
0.006049334
0.006646962
0.004920396
0.001366556
-0.002850229
-0.006688515
-0.009229483
-0.01036867
-0.01100908
-0.01231005
-0.0154413
-0.0203453
-0.02373527
-0.02152032
-0.01377297
-0.004242398
0.004042038
0.009917142
0.01106677
0.005290686
-0.004183817
-0.0113641
-0.01428928
-0.01496028
-0.01427122
-0.01056267
-0.003228864
0.005821753
0.01454867
0.02142477
0.02328836
0.01734073
0.005679076
-0.006545073
-0.01605364
-0.02067296
-0.01733481
-0.006095289
0.008127451
0.02058108
0.0300968
0.03584706
0.0346921
0.02585681
0.01371676
0.0040108
-0.000224999
1.11566E-05
0.00148185
0.001480684
-0.000602149
-0.003599904
-0.006136345
-0.007557045
-0.008065313
-0.008417464
-0.0094654
-0.01148568
-0.01405604
-0.01670365
-0.019094
-0.02112868
-0.02297803
-0.0248076
-0.02672901
-0.02878643
-0.03090802
-0.03300372
-0.03506654
-0.03710425
-0.0392266
-0.04215095
-0.04625472
-0.04904282
-0.0465613
-0.03841905
-0.02816944
-0.01916835
-0.01219384
-0.00599947
0.0012506
0.009185941
0.01334874
0.00995611
0.000711098
-0.009110957
-0.01258677
-0.004064296
0.01486956
0.03656978
0.05482536
0.06639394
0.06902991
0.06414142
0.05731745
0.05189906
0.04510966
0.03291898
0.01554295
-0.003869842
-0.02257705
-0.03603029
-0.03712824
-0.02450395
-0.005772313
0.009148635
0.01439836
0.01150449
0.007037733
0.006865246
0.01342568
0.02515311
0.03796887
0.04875317
0.0543905
0.04988084
0.03415697
0.01324297
-0.004580401
-0.01357465
-0.01388625
-0.01076493
-0.009449581
-0.01165532
-0.01621448
-0.02148637
-0.02635573
-0.03034485
-0.03371136
-0.03714497
-0.04011589
-0.03858687
-0.02832799
-0.01090742
0.008113903
0.02430146
0.03423171
0.03565665
0.03093843
0.02554992
0.02312404
0.02427923
0.0278364
0.03184218
0.03441259
0.03367695
0.02838278
0.01960236
0.009485733
-0.000974025
-0.01161798
-0.02247344
-0.03368652
-0.04332832
-0.0465688
-0.04127737
-0.03128764
-0.02186968
-0.01510123
-0.009756
-0.003749153
0.003705998
0.01161934
0.01865058
0.02462757
0.02985607
0.03229307
0.02815156
0.01715086
0.003234453
-0.009863148
-0.02111862
-0.0316212
-0.04296401
-0.05481169
-0.06149618
-0.05605291
-0.03963183
-0.02014751
-0.004714706
0.00356484
0.006419798
0.00851271
0.01330658
0.02096263
0.02915966
0.03496963
0.03711064
0.03687162
0.03648111
0.03721506
0.03894046
0.04093147
0.04319358
0.04646315
0.05009724
0.05135513
0.04856162
0.04360516
0.03989415
0.03891806
0.03950959
0.03885251
0.03412793
0.02506285
0.01438323
0.005315146
-0.000936047
-0.004608818
-0.005125395
-0.002143105
0.002716778
0.007314235
0.01081511
0.01379565
0.0159457
0.01411181
0.005673245
-0.007782065
-0.02259134
-0.03647867
-0.04959852
-0.06240247
-0.07255259
-0.07721678
-0.07749042
-0.07688905
-0.07703336
-0.07692095
-0.07482447
-0.06974778
-0.06227362
-0.05373116
-0.04426303
-0.03310259
-0.019807
-0.004258551
0.01237444
0.02646218
0.03481716
0.03857602
0.0414822
0.04495717
0.04719872
0.04666188
0.0439984
0.04083412
0.03749884
0.03217911
0.02327934
0.01098636
-0.003788258
-0.01938845
-0.03309324
-0.04321454
-0.05099822
-0.05764611
-0.06015195
-0.05471578
-0.04291513
-0.03030442
-0.02077206
-0.01416265
-0.00801627
-0.000373796
0.009257843
0.02096691
0.03404725
0.04347152
0.04199065
0.02903412
0.01168785
-0.003144909
-0.01375075
-0.02252599
-0.03221896
-0.04352756
-0.05542205
-0.06499573
-0.0680214
-0.0635232
-0.05472515
-0.04458671
-0.03420511
-0.0237899
-0.01299414
-0.001341835
0.01122643
0.02433721
0.03730406
0.04915592
0.05935475
0.06846856
0.07761209
0.0872714
0.09473946
0.09430363
0.08410629
0.06904527
0.05442042
0.04028063
0.02341398
0.002989183
-0.01728898
-0.03292863
-0.04368111
-0.05301016
-0.06208246
-0.0661848
-0.06064547
-0.04785161
-0.03553203
-0.02999285
-0.03115307
-0.03420655
-0.03497815
-0.03150427
-0.02271258
-0.00943737
0.005244621
0.01802125
0.02490278
0.02247464
0.01266554
0.001526577
-0.00678739
-0.01228439
-0.01728391
-0.02378699
-0.03200774
-0.04067911
-0.04857401
-0.05550146
-0.06060331
-0.06050042
-0.05282806
-0.04013465
-0.02739985
-0.01769198
-0.01071623
-0.004161464
0.003806518
0.01280226
0.02071755
0.02622822
0.03001533
0.03355722
0.03776222
0.04260717
0.04755597
0.05189184
0.0539587
0.05170529
0.04550668
0.03831042
0.03257576
0.02852145
0.02495526
0.02130826
0.01839305
0.01687697
0.01623461
0.01554712
0.01413138
0.01153876
0.007992983
0.004335902
0.001160007
-0.001604692
-0.004412565
-0.006889362
-0.007098466
-0.003625406
0.002390224
0.00862579
0.01379585
0.0181028
0.02241078
0.02736946
0.03291289
0.03744362
0.03851583
0.0357033
0.03113954
0.0272187
0.02578202
0.02803322
0.03330275
0.03930074
0.04422842
0.04790106
0.05105908
0.05443286
0.05843575
0.06250804
0.0642541
0.06131032
0.05453907
0.0461322
0.03375762
0.01325403
-0.01116362
-0.02950759
-0.03838883
-0.04274071
-0.04867725
-0.05804481
-0.066633
-0.06828472
-0.06199172
-0.05217209
-0.04358956
-0.0388555
-0.03824427
-0.03975549
-0.04077984
-0.04008804
-0.03832277
-0.03614939
-0.03035538
-0.01594862
0.005277928
0.02474195
0.03691472
0.0438558
0.04838033
0.04801301
0.0402146
0.02765524
0.01496096
0.004415778
-0.004338052
-0.01268411
-0.02179597
-0.03204302
-0.04277624
-0.05098594
-0.05218609
-0.04569614
-0.03585744
-0.02726603
-0.02153325
-0.01771336
-0.0139385
-0.008895163
-0.002879772
0.001772536
0.002546743
-0.000293692
-0.004213523
-0.00718026
-0.008851004
-0.01002237
-0.01162342
-0.01352912
-0.01415754
-0.01241738
-0.009265417
-0.006337519
-0.004334378
-0.002959408
-0.001519013
0.000429595
0.002431618
0.00321835
0.002131222
-0.000100248
-0.001768112
-0.000869798
0.003173833
0.008995458
0.01531456
0.02195491
0.02898638
0.03630528
0.0438087
0.05144795
0.05944684
0.06662672
0.0663339
0.05104931
0.02492177
0.001901717
-0.009652538
-0.01305225
-0.01626131
-0.02384641
-0.03500919
-0.04659103
-0.05511148
-0.05694598
-0.05126323
-0.04180802
-0.03386961
-0.03067963
-0.03165676
-0.03363435
-0.03405382
-0.03253444
-0.03023846
-0.02820838
-0.02581064
-0.02144239
-0.0143587
-0.004849414
0.006091077
0.0172417
0.02778444
0.03586781
0.03848771
0.03535759
0.03012054
0.02675563
0.02638688
0.0274025
0.02770735
0.02651606
0.02485136
0.02462674
0.02670861
0.0301963
0.03368237
0.03652005
0.03836638
0.03828182
0.03581988
0.03207774
0.02795914
0.02237225
0.01383305
0.002850167
-0.008793234
-0.01890916
-0.02414686
-0.02240004
-0.0163371
-0.01134618
-0.01046372
-0.01256569
-0.01471284
-0.01505609
-0.01367543
-0.01177739
-0.01044288
-0.009933044
-0.009902338
-0.009894149
-0.009037992
-0.005747446
0.000677086
0.008860926
0.01695669
0.02433218
0.03142296
0.03888408
0.04558446
0.04768845
0.04294751
0.03396734
0.02507748
0.01839226
0.01328338
0.008101317
0.001805831
-0.00561148
-0.01282339
-0.01738004
-0.01808302
-0.0164313
-0.014824
-0.0144576
-0.01435981
-0.01191348
-0.005614244
0.003240613
0.01227061
0.02029977
0.02683855
0.02851176
0.02046337
0.003635877
-0.01475743
-0.02839564
-0.03467397
-0.03235006
-0.02281635
-0.01105175
-0.001369706
0.005639813
0.012014
0.01816044
0.02041131
0.01577819
0.0063382
-0.003535191
-0.01126373
-0.01694269
-0.02217107
-0.02839089
-0.03587716
-0.04410057
-0.05121974
-0.05237472
-0.04327088
-0.02620638
-0.007767602
0.007732328
0.02038366
0.03266444
0.04425847
0.04946773
0.04416827
0.0318592
0.01898827
0.008333672
-0.001417579
-0.0124437
-0.0238114
-0.02999681
-0.02674073
-0.01665898
-0.005803055
0.002268133
0.008030714
0.01417065
0.02280545
0.03388373
0.04587636
0.05732365
0.06769155
0.07681486
0.08138648
0.07522236
0.05737338
0.03445077
0.01339646
-0.003703517
-0.01884783
-0.03497786
-0.05344661
-0.07300481
-0.09100932
-0.1058591
-0.1140919
-0.108439
-0.08722399
-0.05874803
-0.03234286
-0.01106322
0.007714663
0.02788761
0.05121544
0.0770246
0.1032541
0.1232739
0.1262104
0.1095353
0.08365812
0.06040997
0.04381174
0.03071434
0.01621449
-0.00214371
-0.02346206
-0.04211449
-0.04955408
-0.04345509
-0.03066257
-0.01934862
-0.01242383
-0.009173701
-0.01013981
-0.01613053
-0.02505942
-0.03371047
-0.04067153
-0.0468118
-0.05327127
-0.05847821
-0.05918014
-0.05517496
-0.05060704
-0.04984018
-0.0533561
-0.05832499
-0.06204652
-0.0635304
-0.06267856
-0.05999264
-0.05617888
-0.04995831
-0.03879469
-0.02295578
-0.00575111
0.008916955
0.01857056
0.02407252
0.02780675
0.03067812
0.0328226
0.03456079
0.03616508
0.03837015
0.04227133
0.04849889
0.05727221
0.06721517
0.07494197
0.0785036
0.07944606
0.08064055
0.08363045
0.08718114
0.08592005
0.07407691
0.05290276
0.02934119
0.008540319
-0.008294734
-0.02143546
-0.03185252
-0.04095696
-0.04717271
-0.04673192
-0.0398702
-0.03076716
-0.02276522
-0.01664685
-0.01356678
-0.01704298
-0.02815073
-0.04289126
-0.05675132
-0.06660498
-0.06818533
-0.0588577
-0.0426888
-0.02721735
-0.01660761
-0.01011135
-0.00563138
-0.002508298
-0.000554489
0.001107575
0.004628832
0.01269912
0.02484031
0.03686857
0.04483304
0.04779591
0.04800028
0.04861091
0.05197571
0.05977554
0.07188246
0.08266621
0.081288
0.06257748
0.03367733
0.005507227
-0.01666613
-0.03299641
-0.04502422
-0.05508859
-0.06570748
-0.07525709
-0.0779629
-0.07157356
-0.06016658
-0.04898955
-0.04153154
-0.04043456
-0.0461801
-0.05530193
-0.06336797
-0.06859926
-0.07197708
-0.07549716
-0.08040126
-0.0861097
-0.0910394
-0.09452472
-0.09659375
-0.09653645
-0.09383832
-0.08953035
-0.08282395
-0.06820035
-0.04196154
-0.008257211
0.02569871
0.05619888
0.08425599
0.1124626
0.1354006
0.1383361
0.1159258
0.08044708
0.04730718
0.022355
0.001945444
-0.0197983
-0.04416064
-0.06722192
-0.08213725
-0.08194952
-0.0668799
-0.04563363
-0.02680811
-0.01279164
-0.000783649
0.01285942
0.02937611
0.04387664
0.04652697
0.03381626
0.013062
-0.006367771
-0.0207763
-0.03261579
-0.04796755
-0.07078078
-0.09559696
-0.1123033
-0.1181599
-0.1169328
-0.111641
-0.1043198
-0.09688695
-0.08995803
-0.08292543
-0.07507488
-0.06655992
-0.05840078
-0.05125283
-0.04335058
-0.0305987
-0.01116216
0.0119813
0.03466409
0.05516306
0.07429898
0.09425395
0.1159045
0.1341117
0.1407268
0.1352764
0.1254099
0.1180293
0.1139242
0.1088989
0.09950929
0.08620702
0.07158367
0.0590266
0.05148713
0.04897722
0.04848019
0.04662941
0.04179149
0.03434391
0.02605047
0.01905136
0.01492275
0.01364004
0.01346236
0.01260238
0.01047571
0.007293052
0.003422882
-0.000606681
-0.004348969
-0.007451683
-0.008653657
-0.006651869
-0.002208334
0.002533215
0.005826492
0.006993637
0.006251553
0.004282425
0.002049778
0.000312134
-0.00145023
-0.004873382
-0.01077499
-0.01823994
-0.02573672
-0.03247021
-0.03850324
-0.04427119
-0.05029096
-0.05652764
-0.06110885
-0.06128502
-0.05685624
-0.04996153
-0.04197426
-0.03321867
-0.02405027
-0.01485783
-0.006474304
-0.0004411
0.002367714
0.002955233
0.003261232
0.004392974
0.006307074
0.008921936
0.0125199
0.01708626
0.02147761
0.0222821
0.01609494
0.004090872
-0.008566007
-0.01732657
-0.02153211
-0.02375135
-0.02584263
-0.02738976
-0.02788483
-0.02760159
-0.02601845
-0.02115493
-0.01235561
-0.002360087
0.005407141
0.010134
0.01355626
0.01711096
0.0196145
0.01903226
0.01554137
0.01117187
0.007462831
0.005160733
0.005438479
0.008759432
0.01334054
0.01666871
0.01793932
0.01825742
0.01903711
0.02090767
0.02322575
0.02426279
0.02266914
0.01886429
0.01447518
0.01111144
0.01053347
0.01377287
0.01952841
0.02539381
0.02970316
0.03183156
0.03225341
0.03246423
0.03433535
0.03891224
0.04439892
0.0463371
0.04242948
0.03502198
0.02761733
0.02107811
0.01446344
0.007941562
0.002272644
-0.002553244
-0.005638989
-0.004661812
0.000643066
0.006864563
0.01030299
0.01054776
0.009828372
0.01018479
0.01206732
0.01467369
0.01735634
0.02046516
0.02456366
0.02945693
0.03447695
0.03933532
0.04363333
0.04594126
0.04483063
0.04099815
0.03668824
0.03317375
0.03020088
0.02689495
0.0228208
0.01810628
0.01227101
0.004526813
-0.004686636
-0.01419686
-0.02295825
-0.02978404
-0.03428459
-0.03731083
-0.03904252
-0.03860899
-0.0358469
-0.03122603
-0.02458485
-0.01588316
-0.0063805
0.001773117
0.007324746
0.01104221
0.01470117
0.01941493
0.0239842
0.02529769
0.02174982
0.01527434
0.009034095
0.004752019
0.002169461
-0.000172314
-0.003373809
-0.007769474
-0.01306551
-0.01867549
-0.02414321
-0.02914936
-0.03351039
-0.03674695
-0.03807884
-0.03632203
-0.03068515
-0.02256229
-0.01407785
-0.005872342
0.002283934
0.0108034
0.01997359
0.02835274
0.03200245
0.02829798
0.01957609
0.01050141
0.003737092
-0.001188558
-0.00613543
-0.01227526
-0.01978384
-0.02762905
-0.03253834
-0.03109254
-0.023915
-0.01547759
-0.01002984
-0.008303278
-0.008057919
-0.006884366
-0.004044667
-0.000768984
0.001333948
0.001942225
0.001810386
0.001881973
0.002480275
0.003385411
0.004858171
0.007270704
0.01040126
0.01378505
0.01654194
0.01707295
0.01434558
0.009358777
0.004221274
6.5404E-05
-0.002272004
-0.001010139
0.004313242
0.01155159
0.01815053
0.02331052
0.02781053
0.03273525
0.03754471
0.03906207
0.03523197
0.02795812
0.02049044
0.01457958
0.009756379
0.004238891
-0.003209134
-0.01221567
-0.0215391
-0.0298472
-0.03605748
-0.0400978
-0.04224924
-0.04248673
-0.04121054
-0.03953571
-0.0380772
-0.03570283
-0.03083115
-0.02366326
-0.01654336
-0.01190085
-0.009958967
-0.008988453
-0.007086452
-0.003506891
0.001018434
0.00535809
0.00906479
0.01197811
0.01361326
0.01355152
0.01230642
0.01100139
0.01020145
0.009829165
0.009437516
0.008954996
0.00939956
0.01180146
0.01580216
0.0200469
0.0237421
0.02690843
0.02991945
0.0332724
0.0365238
0.03788588
0.03609844
0.0321225
0.02791675
0.02344254
0.01615229
0.005170651
-0.005952011
-0.01320493
-0.01643745
-0.01849166
-0.02167469
-0.02511075
-0.0261879
-0.0240372
-0.02013775
-0.01641346
-0.01356569
-0.01175877
-0.01180212
-0.01404757
-0.01746564
-0.02073277
-0.02333386
-0.02476655
-0.02351262
-0.0187925
-0.01210746
-0.005604726
-0.000219472
0.004513705
0.008743451
0.01083518
0.009292609
0.005086169
0.00058544
-0.002859417
-0.005462125
-0.00804859
-0.01044162
-0.01107027
-0.009148099
-0.005708618
-0.0023012
0.000318496
0.002461026
0.004723896
0.007299182
0.009613149
0.01083769
0.01101787
0.01086431
0.01092186
0.01135542
0.01228249
0.01388163
0.01602451
0.01837059
0.02009643
0.01941166
0.01509329
0.008299006
0.001687466
-0.002869771
-0.005424204
-0.007367488
-0.01004699
-0.013812
-0.01799937
-0.02117056
-0.02182683
-0.0199713
-0.01721862
-0.01503459
-0.01370455
-0.01269899
-0.01164789
-0.01103537
-0.01158034
-0.01318957
-0.01504766
-0.01609445
-0.01558778
-0.01388437
-0.0120796
-0.01081035
-0.01000779
-0.009253763
-0.007739301
-0.004494014
0.00019074
0.004358335
0.006571536
0.007252235
0.00781239
0.009890743
0.0148004
0.02228072
0.0305149
0.0378039
0.04340134
0.04764183
0.05129113
0.05342637
0.05204253
0.04729854
0.04151422
0.03642561
0.03156516
0.02524604
0.01677131
0.007036346
-0.002272753
-0.009403195
-0.01344755
-0.01483083
-0.01491102
-0.0151799
-0.01625239
-0.01772808
-0.01924633
-0.02126329
-0.02428868
-0.02804202
-0.03192926
-0.03498709
-0.03548053
-0.03247981
-0.02734961
-0.02219886
-0.01765424
-0.01294953
-0.007373874
-0.000974399
0.006051974
0.01312868
0.01869321
0.0218712
0.02363763
0.02556061
0.02831456
0.03089182
0.03136263
0.02903381
0.02517061
0.02151036
0.01873267
0.01648429
0.01452758
0.01337476
0.01343742
0.01423546
0.01485294
0.01423464
0.01172351
0.007899264
0.003992719
0.000741769
-0.001956293
-0.004269689
-0.005674405
-0.005727583
-0.004933096
-0.004160011
-0.003785861
-0.003851811
-0.004794475
-0.007165188
-0.0106178
-0.01423615
-0.0174076
-0.02013238
-0.0228517
-0.02587151
-0.02908816
-0.03149943
-0.03155504
-0.02913613
-0.02577191
-0.0228929
-0.02086885
-0.0191592
-0.01732623
-0.01614708
-0.01688198
-0.01948788
-0.02269137
-0.02544252
-0.0276212
-0.02947856
-0.03017219
-0.02796017
-0.0226867
-0.0161615
-0.009926047
-0.004105313
0.001892647
0.008454768
0.01552426
0.02285922
0.03024543
0.03641975
0.03835461
0.03446691
0.02713233
0.01996714
0.01465382
0.01059744
0.006313775
0.001674139
-0.001097779
1.68198E-05
0.004179559
0.008902724
0.01239512
0.01404713
0.01420055
0.01397806
0.01430337
0.01495479
0.01499319
0.01401574
0.01245503
0.01081029
0.009139653
0.00712058
0.004589879
0.001760508
-0.001075
-0.003790249
-0.006441697
-0.009301868
-0.01280412
-0.01700468
-0.02149733
-0.02591131
-0.03004003
-0.0332145
-0.03443742
-0.03379319
-0.03199167
-0.02868525
-0.02320493
-0.01609535
-0.008657934
-0.002329924
0.001403367
0.002383092
0.002241981
0.002675465
0.00414896
0.006212088
0.008469832
0.01077397
0.0129905
0.01513204
0.01701003
0.01756078
0.01575912
0.01208836
0.008057558
0.004688848
0.002341341
0.001320057
0.001514161
0.002120205
0.00237412
0.00196448
0.000767351
-0.001099309
-0.00315577
-0.004932204
-0.006236998
-0.00700594
-0.007375453
-0.007650041
-0.008108879
-0.008984823
-0.01026676
-0.01175627
-0.01323808
-0.01455429
-0.01577665
-0.01701339
-0.01839808
-0.02037624
-0.02329377
-0.02695568
-0.03057233
-0.03252033
-0.03139468
-0.0278388
-0.02341954
-0.0184755
-0.01259303
-0.005960956
-1.15285E-05
0.003360284
0.003901675
0.003315078
0.003300824
0.004425867
0.00639623
0.008598686
0.01038298
0.01083703
0.009224027
0.006014609
0.002542297
-0.000275059
-0.002492174
-0.004699213
-0.007386091
-0.01063407
-0.01415079
-0.01759482
-0.02021644
-0.02045524
-0.01741002
-0.01228728
-0.007182207
-0.003362684
-0.001058735
0.000367955
0.001931756
0.004129152
0.006768708
0.009410651
0.01129294
0.01153871
0.01009498
0.007914278
0.006059037
0.004871691
0.004121398
0.003559631
0.00301339
0.00234562
0.001589714
0.001004344
0.000857416
0.001142839
0.001597628
0.001968775
0.002209897
0.002327494
0.002249854
0.001948877
0.001540698
0.001173616
0.000882483
0.000571905
-8.58956E-05
-0.001474221
-0.003563854
-0.005887995
-0.008007339
-0.009861467
-0.01164307
-0.01349381
-0.01505051
-0.01545694
-0.01441101
-0.01253783
-0.01054491
-0.008577636
-0.006509615
-0.00429421
-0.001921285
0.000558607
0.003105901
0.005665594
0.008220672
0.0103412
0.01081654
0.009047211
0.005933436
0.002870797
0.000531976
-0.001156515
-0.00231039
-0.003088001
-0.003821159
-0.004793055
-0.005841576
-0.006388213
-0.006118579
-0.00528146
-0.004327672
-0.003386942
-0.002332589
-0.001143749
0.00013172
0.001473899
0.002795631
0.003758999
0.003895431
0.00317382
0.002104314
0.001201562
0.000614346
0.000307194
0.000393819
0.000860979
0.001446944
0.001940886
0.002273744
0.002543378
0.002876958
0.003254542
0.003289533
0.002510005
0.00102816
-0.000617915
-0.00207676
-0.00334073
-0.004526519
-0.005747512
-0.006877301
-0.007499916
-0.007343906
-0.006633316
-0.005668778
-0.004185257
-0.00188462
0.000928846
0.003788972
0.006334109
0.007935768
0.008077652
0.007091731
0.005907057
0.005461125
0.00650332
0.009161679
0.01260246
0.01583628
0.01829177
0.01909676
0.01740577
0.01383091
0.009970602
0.006895991
0.004900625
0.00392346
0.003550988
0.003117838
0.00224938
0.00101084
-0.000300777
-0.001401821
-0.002378793
-0.003740493
-0.005899651
-0.008698331
-0.01153224
-0.0133951
-0.01311964
-0.0106335
-0.007264795
-0.004343107
-0.002204028
-0.000449693
0.001094206
0.002156864
0.002646721
0.002816539
0.00300242
0.003320451
0.003659677
0.003920437
0.004172859
0.004932649
0.006827064
0.009606181
0.01196626
0.01265069
0.01167499
0.01015417
0.009108338
0.008742561
0.00868816
0.008475354
0.007929077
0.007517905
0.008023702
0.009643422
0.01176393
0.01371611
0.01527886
0.01629256
0.01631525
0.01524125
0.01368002
0.01231016
0.01136423
0.01076398
0.0104142
0.01014628
0.00976209
0.009260969
0.008720523
0.008222747
0.007568668
0.006050661
0.003242247
-0.000310589
-0.003767448
-0.006824734
-0.009508649
-0.01190629
-0.01411292
-0.01626102
-0.0185338
-0.02066216
-0.02166126
-0.02072171
-0.01831862
-0.01573102
-0.01371346
-0.01219566
-0.01073166
-0.008950831
-0.00669873
-0.00377033
-0.000148085
0.003791971
0.007426126
0.009907846
0.0108928
0.01103692
0.01128574
0.01204859
0.0132426
0.01490989
0.01719652
0.01991749
0.02270818
0.0253393
0.02742804
0.02791308
0.02605942
0.02271081
0.01934235
0.01669449
0.01459715
0.0124504
0.009845685
0.006784514
0.003537315
0.000371141
-0.002614799
-0.005358207
-0.007793994
-0.009977087
-0.0121001
-0.0143218
-0.01665255
-0.01903219
-0.02137682
-0.02365601
-0.02586108
-0.0276051
-0.02825306
-0.02779144
-0.02665454
-0.0248997
-0.02253693
-0.01985231
-0.01716736
-0.01461065
-0.01202125
-0.008839915
-0.004403024
0.001173791
0.007129175
0.01273739
0.01730169
0.02035864
0.02232151
0.02390246
0.02501087
0.02524271
0.02477216
0.02409915
0.02346431
0.02264095
0.02109099
0.01870085
0.01594185
0.01327862
0.01085873
0.008387115
0.005458011
0.002034885
-0.001537964
-0.004778886
-0.007441212
-0.009537955
-0.01088834
-0.01131058
-0.0111271
-0.01092188
-0.01097917
-0.0111866
-0.01138548
-0.01171817
-0.01258909
-0.01400741
-0.0151502
-0.01499177
-0.01347719
-0.01154736
-0.009974493
-0.008678343
-0.007036608
-0.004710251
-0.001938161
0.000902907
0.003600114
0.006127653
0.008627234
0.01120112
0.01387493
0.01667703
0.01911396
0.01989549
0.01820012
0.01485726
0.01143872
0.008771181
0.006681564
0.004794979
0.003377886
0.002916952
0.003199095
0.003603976
0.003772285
0.003721596
0.003690704
0.003809004
0.003835775
0.003426591
0.002522175
0.00148014
0.000820268
0.000682307
0.000813161
0.000896737
0.000786434
0.000557309
0.00035095
0.000228701
0.000207337
0.000131072
-0.000537721
-0.002249886
-0.004776991
-0.007466368
-0.009877685
-0.01187354
-0.0129033
-0.01208313
-0.009590328
-0.006649703
-0.004177924
-0.002293667
-0.000601899
0.001373034
0.003741326
0.006250673
0.008341454
0.009325657
0.009173797
0.008606348
0.008307012
0.008397552
0.008624221
0.008764292
0.008712702
0.008311591
0.007604132
0.005912894
0.00391424
0.002044797
0.000392743
-0.001164859
-0.002719088
-0.00402099
-0.00455148
-0.004267817
-0.003701356
-0.003304548
-0.003165915
-0.003189269
-0.003401183
-0.003949522
-0.004800713
-0.005718504
-0.006533052
-0.007257921
-0.007982334
-0.008786746
-0.009524562
-0.009785889
-0.009391013
-0.008642575
-0.007924059
-0.007392341
-0.006998892
-0.006698968
-0.006699807
-0.007182163
-0.007970985
-0.008780705
-0.009491387
-0.01014433
-0.01079362
-0.01122344
-0.0110029
-0.01003178
-0.008718268
-0.007508612
-0.006526338
-0.005717377
-0.005239785
-0.005476231
-0.006441098
-0.007630347
-0.008631286
-0.009398333
-0.0100942
-0.01090701
-0.01188263
-0.01270381
-0.01265401
-0.01133539
-0.009235615
-0.007161776
-0.00549711
-0.004153085
-0.002853955
-0.001401092
0.000231768
0.001883266
0.003288832
0.004371625
0.005273439
0.006181397
0.007197816
0.008304402
0.009506323
0.01094038
0.01270132
0.01464558
0.01654602
0.01832843
0.01999803
0.02146576
0.02268474
0.02367763
0.0243816
0.02474573
0.02487986
0.02497616
0.02512876
0.02529423
0.02524093
0.02475629
0.023938
0.02304831
0.02228293
0.02166123
0.02107951
0.02044468
0.01957416
0.01810832
0.01593235
0.01342274
0.01101556
0.008905543
0.007290487
0.006414343
0.006173547
0.006109097
0.005854801
0.005373907
0.004828521
0.004287571
0.003653391
0.002895382
0.002078013
0.001272672
0.00051236
-0.000225699
-0.000968747
-0.001813019
-0.00296874
-0.004537711
-0.006151058
-0.007189877
-0.007468949
-0.007332881
-0.0072206
-0.007281681
-0.007374515
-0.007361525
-0.0072252
-0.007013915
-0.006798009
-0.006621596
-0.006483191
-0.006361414
-0.006222788
-0.006105651
-0.006191761
-0.006635705
-0.007357117
-0.008117791
-0.008791335
-0.009424664
-0.01011906
-0.0109208
-0.01177215
-0.01260886
-0.01340686
-0.01415922
-0.01488484
-0.01547493
-0.01562873
-0.01521039
-0.01449385
-0.01383537
-0.013348
-0.01297959
-0.01260461
-0.0120517
-0.01110336
-0.009654887
-0.007928557
-0.006260031
-0.004846242
-0.003734626
-0.002835247
-0.002147452
-0.001904501
-0.002181228
-0.002692897
-0.003131519
-0.003426367
-0.003654228
-0.003912863
-0.004259946
-0.004673695
-0.0051393
-0.005690728
-0.006329454
-0.00698764
-0.007596954
-0.008155971
-0.008680541
-0.009030707
-0.008930315
-0.008332487
-0.007523938
-0.00682551
-0.006450362
-0.006438923
-0.006595395
-0.00668139
-0.006627739
-0.00648414
-0.006345831
-0.006288871
-0.0062159
-0.005873631
-0.005100634
-0.004045025
-0.002983674
-0.002072223
-0.001303603
-0.000567646
0.000114433
0.000638781
0.001014103
0.001323969
0.001640332
0.001984654
0.002317961
0.002451991
0.002146531
0.001423462
0.000573573
-0.000165066
-0.000750347
-0.001251894
-0.00177012
-0.002354073
-0.00296829
-0.003568624
-0.004047398
-0.004074587
-0.003368907
-0.002122816
-0.000826075
0.000219951
0.001039475
0.001805906
0.002647825
0.00358105
0.004546475
0.005337776
0.005575196
0.005077914
0.004133201
0.003203617
0.002531364
0.002049997
0.001638195
0.001312014
0.001121842
0.001047313
0.000995197
0.000892255
0.000764322
0.000658649
0.00056783
0.000444581
0.000222403
-0.000102467
-0.000444464
-0.000741354
-0.000993979
-0.001211792
-0.001425179
-0.001649946
-0.001855113
-0.001994878
-0.001986796
-0.001821324
-0.001602823
-0.001415903
-0.001281658
-0.001170316
-0.001044798
-0.000896583
-0.000740398
-0.000520446
-5.46429E-05
0.000768824
0.001813016
0.002820616
0.003623167
0.004124814
0.004317472
0.004353344
0.004412321
0.004568855
0.004806804
0.005112146
0.005471271
0.005820353
0.006054442
0.006041045
0.005748637
0.005324189
0.0049449
0.004672333
0.00446137
0.004243062
0.003981984
0.003689282
0.003392855
0.003116166
0.002872812
0.002675187
0.002525494
0.002398649
0.002269053
0.002128106
0.001985747
0.001852719
0.001732425
0.001623534
0.00148807
0.001257222
0.000910307
0.000515586
0.000156709
-0.000119824
-0.000265395
-0.000262271
-0.000179841
-0.000108374
-8.56809E-05
-9.59586E-05
-0.000102946
-8.34186E-05
-4.70843E-05
-3.41334E-05
-7.94193E-05
-0.000174756
-0.000278417
-0.000358386
-0.000411641
-0.000451822
-0.000491958
-0.000525829
-0.000521766
-0.000463522
-0.000373071
-0.000282004
-0.000204208
-0.000134881
-7.00856E-05
-8.20456E-06
5.30118E-05
0.000111247
0.000161102
0.000188251
0.000175923
0.000130446
7.81958E-05
3.94822E-05
1.73367E-05
2.88501E-06
-1.22136E-05
-2.9581E-05
-4.6667E-05
-5.95916E-05
-6.59753E-05
-6.41691E-05
-5.41856E-05
-3.98001E-05
-2.52287E-05
-1.16001E-05
2.07037E-06
1.67662E-05
3.31707E-05
5.11956E-05
6.80977E-05
7.55596E-05
6.84802E-05
5.4103E-05
4.86428E-05
7.33291E-05
0.000137925
0.00022338
0.000299302
0.000351263
0.000381993
0.000400493
0.000414803
0.000427729
0.000437745
0.000442421
0.000440197
0.000431639
0.000418546
0.000402139
0.000382458
0.000357927
0.000328543
0.000298126
0.000270613
0.000247199
0.000226863
0.000208192
0.000190893
0.000175617
0.00016287
0.000152476
0.000143873
0.000136625
0.000130533
0.000125358
0.000120618
0.000115573
0.000109582
0.000102515
9.45934E-05